297,4
297,3
297,2
297,1
297,0
296,3
296,2
296,1
296,0
295,4
295,3
295,2
295,1
295,0
294,3
294,2
294,1
294,0
293,4
293,3
293,2
293,1
293,0
292,3
292,2
292,1
292,0
291,4
291,3
291,2
291,1
291,0
290,3
290,2
290,1
290,0
0,278
0,273
0,270
289,4
289,3
289,2
289,1
289,0
288,3
288,2
288,1
288,0
287,3
287,2
287,1
287,0
0,545
0,472
286,4
286,3
286,2
286,1
286,0
285,4
285,3
285,2
285,1
285,0
284,3
284,2
0,9
284,1
284,0
280,52
280,51
280,50
280,49
280,48
280,47
280,46
280,45
280,44
280,43
280,42
280,41
280,40
280,39
280,38
280,37
280,36
280,35
3,2
3,1
3,3
10,107
10,165
10,217
10,109
10,171
10,121
11,10
8,7
20,2
20,3
20,1
17,3
17,2
17,1
16,3
16,2
19,2
16,1
15,3
19,1
15,2
19,3
15,1
14,2
13,2
12,3
12,2
12,1
11,30
11,29
11,28
11,26
11,25
11,24
11,22
11,21
11,20
11,19
11,18
11,17
11,15
11,14
11,13
11,11
11,9
11,6
11,4
